100
686
1	  0	  1
1	  0	  2
1	  0	  3
1	  0	  4
1	  1	188
1	  2	152
1	  3	144
1	  4	  5
1	  6	  7
1	  6	  8
1	  6	  9
1	  6	 10
1	  7	186
1	  8	144
1	  9	148
1	 10	 11
1	 12	 13
1	 12	 14
1	 12	 15
1	 12	 16
1	 13	187
1	 14	148
1	 15	152
1	 16	 17
1	 18	 19
1	 18	 20
1	 18	 21
1	 18	 22
1	 19	182
1	 20	164
1	 21	156
1	 22	 23
1	 24	 25
1	 24	 26
1	 24	 27
1	 24	 28
1	 25	180
1	 26	156
1	 27	160
1	 28	 29
1	 30	 31
1	 30	 32
1	 30	 33
1	 30	 34
1	 31	181
1	 32	160
1	 33	164
1	 34	 35
1	 36	 37
1	 36	 38
1	 36	 39
1	 36	 40
1	 37	185
1	 38	176
1	 39	168
1	 40	 41
1	 42	 43
1	 42	 44
1	 42	 45
1	 42	 46
1	 43	183
1	 44	168
1	 45	172
1	 46	 47
1	 48	 49
1	 48	 50
1	 48	 51
1	 48	 52
1	 49	184
1	 50	172
1	 51	176
1	 52	 53
1	 54	 55
1	 54	 57
1	 54	 58
1	 54	 59
1	 55	 56
1	 57	108
1	 58	112
1	 59	186
1	 60	 61
1	 60	 63
1	 60	 64
1	 60	 65
1	 61	 62
1	 63	112
1	 64	116
1	 65	187
1	 66	 67
1	 66	 69
1	 66	 70
1	 66	 71
1	 67	 68
1	 69	116
1	 70	108
1	 71	188
1	 72	 73
1	 72	 75
1	 72	 76
1	 72	 77
1	 73	 74
1	 75	120
1	 76	124
1	 77	180
1	 78	 79
1	 78	 81
1	 78	 82
1	 78	 83
1	 79	 80
1	 81	124
1	 82	128
1	 83	181
1	 84	 85
1	 84	 87
1	 84	 88
1	 84	 89
1	 85	 86
1	 87	128
1	 88	120
1	 89	182
1	 90	 91
1	 90	 93
1	 90	 94
1	 90	 95
1	 91	 92
1	 93	132
1	 94	136
1	 95	183
1	 96	 97
1	 96	 99
1	 96	100
1	 96	101
1	 97	 98
1	 99	136
1	100	140
1	101	184
1	102	103
1	102	105
1	102	106
1	102	107
1	103	104
1	105	140
1	106	132
1	107	185
1	108	109
1	108	111
1	109	110
1	111	182
1	112	113
1	112	115
1	113	114
1	115	180
1	116	117
1	116	119
1	117	118
1	119	181
1	120	121
1	120	123
1	121	122
1	123	185
1	124	125
1	124	127
1	125	126
1	127	183
1	128	129
1	128	131
1	129	130
1	131	184
1	132	133
1	132	135
1	133	134
1	135	188
1	136	137
1	136	139
1	137	138
1	139	186
1	140	141
1	140	143
1	141	142
1	143	187
1	144	145
1	144	146
1	145	180
1	146	147
1	148	149
1	148	150
1	149	181
1	150	151
1	152	153
1	152	154
1	153	182
1	154	155
1	156	157
1	156	158
1	157	183
1	158	159
1	160	161
1	160	162
1	161	184
1	162	163
1	164	165
1	164	166
1	165	185
1	166	167
1	168	169
1	168	170
1	169	186
1	170	171
1	172	173
1	172	174
1	173	187
1	174	175
1	176	177
1	176	178
1	177	188
1	178	179
1	189	190
1	189	191
1	192	193
1	192	194
1	195	196
1	195	197
1	198	199
1	198	200
1	201	202
1	201	203
1	204	205
1	204	206
1	207	208
1	207	209
1	210	211
1	210	212
1	213	214
1	213	215
1	216	217
1	216	218
1	219	220
1	219	221
1	222	223
1	222	224
1	225	226
1	225	227
1	228	229
1	228	230
1	231	232
1	231	233
1	234	235
1	234	236
1	237	238
1	237	239
1	240	241
1	240	242
1	243	244
1	243	245
1	246	247
1	246	248
1	249	250
1	249	251
1	252	253
1	252	254
1	255	256
1	255	257
1	258	259
1	258	260
1	261	262
1	261	263
1	264	265
1	264	266
1	267	268
1	267	269
1	270	271
1	270	272
1	273	274
1	273	275
1	276	277
1	276	278
1	279	280
1	279	281
1	282	283
1	282	284
1	285	286
1	285	287
1	288	289
1	288	290
1	291	292
1	291	293
1	294	295
1	294	296
1	297	298
1	297	299
1	300	301
1	300	302
1	303	304
1	303	305
1	306	307
1	306	308
1	309	310
1	309	311
1	312	313
1	312	314
1	315	316
1	315	317
1	318	319
1	318	320
1	321	322
1	321	323
1	324	325
1	324	326
1	327	328
1	327	329
1	330	331
1	330	332
1	333	334
1	333	335
1	336	337
1	336	338
1	339	340
1	339	341
1	342	343
1	342	344
1	345	346
1	345	347
1	348	349
1	348	350
1	351	352
1	351	353
1	354	355
1	354	356
1	357	358
1	357	359
1	360	361
1	360	362
1	363	364
1	363	365
1	366	367
1	366	368
1	369	370
1	369	371
1	372	373
1	372	374
1	375	376
1	375	377
1	378	379
1	378	380
1	381	382
1	381	383
1	384	385
1	384	386
1	387	388
1	387	389
1	390	391
1	390	392
1	393	394
1	393	395
1	396	397
1	396	398
1	399	400
1	399	401
1	402	403
1	402	404
1	405	406
1	405	407
1	408	409
1	408	410
1	411	412
1	411	413
1	414	415
1	414	416
1	417	418
1	417	419
1	420	421
1	420	422
1	423	424
1	423	425
1	426	427
1	426	428
1	429	430
1	429	431
1	432	433
1	432	434
1	435	436
1	435	437
1	438	439
1	438	440
1	441	442
1	441	443
1	444	445
1	444	446
1	447	448
1	447	449
1	450	451
1	450	452
1	453	454
1	453	455
1	456	457
1	456	458
1	459	460
1	459	461
1	462	463
1	462	464
1	465	466
1	465	467
1	468	469
1	468	470
1	471	472
1	471	473
1	474	475
1	474	476
1	477	478
1	477	479
1	480	481
1	480	482
1	483	484
1	483	485
1	486	487
1	486	488
1	489	490
1	489	491
1	492	493
1	492	494
1	495	496
1	495	497
1	498	499
1	498	500
1	501	502
1	501	503
1	504	505
1	504	506
1	507	508
1	507	509
1	510	511
1	510	512
1	513	514
1	513	515
1	516	517
1	516	518
1	519	520
1	519	521
1	522	523
1	522	524
1	525	526
1	525	527
1	528	529
1	528	530
1	531	532
1	531	533
1	534	535
1	534	536
1	537	538
1	537	539
1	540	541
1	540	542
1	543	544
1	543	545
1	546	547
1	546	548
4	170	  4	171
4	  4	528	  5
4	 10	174	 11
4	207	 10	208
4	 16	178	 17
4	228	 16	230
4	 22	146	 23
4	225	 22	227
4	150	 28	151
4	 28	249	 29
4	154	 34	155
4	 34	450	 35
4	216	 38	218
4	 40	158	 41
4	 46	162	 47
4	222	 46	224
4	 52	166	 53
4	522	 52	523
4	133	 55	134
4	137	 61	138
4	 67	133	 68
4	141	 67	142
4	 73	109	 74
4	 79	113	 80
4	117	 79	118
4	 85	117	 86
4	 91	121	 92
4	125	 91	126
4	 97	125	 98
4	129	 97	130
4	103	129	104
4	146	231	147
4	207	150	209
4	450	150	209
4	158	252	159
4	162	240	163
4	166	192	167
4	246	166	 53
4	195	170	197
4	195	174	 11
4	174	486	175
4	178	204	179
4	399	189	401
4	189	468	191
4	480	189	401
4	192	225	194
4	192	492	193
4	507	192	167
4	237	195	239
4	198	456	199
4	198	510	200
4	537	198	538
4	201	210	203
4	489	201	491
4	201	546	202
4	204	216	206
4	219	207	221
4	243	207	221
4	210	498	212
4	525	210	203
4	213	258	214
4	213	438	215
4	543	213	545
4	216	492	193
4	525	216	206
4	228	219	229
4	540	219	229
4	222	237	223
4	252	222	254
4	492	222	254
4	483	225	194
4	234	228	236
4	486	228	236
4	231	462	232
4	231	528	  5
4	477	237	223
4	237	489	238
4	246	240	163
4	240	249	 29
4	240	414	241
4	249	243	251
4	243	498	212
4	540	243	251
4	261	246	262
4	249	252	159
4	252	483	253
4	258	255	259
4	255	426	257
4	468	255	259
4	261	417	263
4	264	288	266
4	264	294	265
4	300	264	301
4	324	264	301
4	345	267	347
4	267	348	269
4	267	378	268
4	504	267	347
4	270	294	265
4	315	270	316
4	270	321	272
4	366	270	316
4	297	273	299
4	288	276	290
4	276	339	277
4	279	285	280
4	312	279	313
4	279	357	281
4	291	282	293
4	282	318	284
4	399	282	293
4	285	321	272
4	339	285	280
4	411	288	266
4	333	291	334
4	336	291	334
4	294	333	296
4	294	375	295
4	396	297	398
4	300	327	302
4	348	300	350
4	360	300	350
4	321	303	323
4	303	351	304
4	312	306	314
4	327	306	314
4	306	336	307
4	375	309	376
4	309	393	311
4	432	309	376
4	309	441	310
4	429	312	430
4	336	315	338
4	351	315	338
4	315	381	317
4	318	348	269
4	318	363	320
4	321	330	322
4	345	327	302
4	327	381	317
4	330	354	332
4	357	330	322
4	348	333	296
4	333	432	335
4	363	339	277
4	339	420	341
4	357	342	359
4	342	426	257
4	516	342	359
4	384	345	385
4	429	345	385
4	408	351	304
4	354	393	311
4	354	405	356
4	468	354	332
4	360	375	295
4	378	360	379
4	459	360	379
4	363	396	364
4	366	435	368
4	447	366	448
4	375	369	377
4	369	405	356
4	369	411	371
4	423	369	377
4	381	372	382
4	372	390	373
4	372	432	335
4	444	378	268
4	381	447	383
4	387	384	389
4	384	402	386
4	459	384	389
4	387	477	388
4	402	390	373
4	390	429	391
4	393	471	395
4	504	396	364
4	444	399	446
4	438	402	386
4	402	453	404
4	405	420	341
4	405	531	406
4	408	513	409
4	516	408	517
4	411	516	413
4	414	501	416
4	510	414	241
4	414	522	415
4	417	519	419
4	417	534	418
4	420	504	422
4	423	456	199
4	465	423	467
4	426	546	202
4	432	444	433
4	435	468	191
4	534	435	368
4	438	489	238
4	456	441	310
4	441	474	442
4	441	510	200
4	453	447	383
4	447	513	409
4	453	501	416
4	543	453	404
4	456	462	232
4	510	459	512
4	513	459	512
4	462	483	253
4	462	519	419
4	534	465	536
4	465	540	466
4	546	465	536
4	483	471	395
4	474	477	388
4	492	474	442
4	477	480	479
4	489	486	175
4	486	522	415
4	498	495	500
4	519	495	500
4	501	507	503
4	501	537	502
4	531	504	422
4	522	507	503
4	507	543	508
4	513	537	502
4	546	531	406
4	537	540	466
