Trajectory: F110_cut0to10_yijing 
conformation: 50 
Motif number in motif_solo folder:  4 
Motif size: 3 
Motif certificate: 11000000000000800c00000000000000e1 
Number of occurrences: 10 

List of occurrences :
 occ #1: ((Si2,5),(OS8,9),(OW111,155),)

 occ #2: ((Si3,10),(OS12,14),(OW122,166),)

 occ #3: ((Si4,15),(OS16,19),(OW121,165),)

 occ #4: ((Si5,20),(OS20,24),(OW196,240),)

 occ #5: ((Si8,35),(OS32,39),(OW120,164),)

 occ #6: ((Si9,40),(OS36,44),(OW220,264),)

 occ #7: ((Si29,120),(OS94,122),(OW115,159),)

 occ #8: ((Si30,123),(OS96,125),(OW124,168),)

 occ #9: ((Si33,132),(OS102,134),(OW128,172),)

 occ #10: ((Si34,135),(OS104,137),(OW118,162),)

 Number of occurrences of each atom of conformation 50 in the motif: 
10 
[0 0 0 0 0 1 0 0 0 1 1 0 0 0 1 1 0 0 0 1 1 0 0 0 1 0 0 0 0 0 0 0 0 0 0 1 0
 0 0 1 1 0 0 0 1 0 0 0 0 0 0 0 0 0 0 0 0 0 0 0 0 0 0 0 0 0 0 0 0 0 0 0 0 0
 0 0 0 0 0 0 0 0 0 0 0 0 0 0 0 0 0 0 0 0 0 0 0 0 0 0 0 0 0 0 0 0 0 0 0 0 0
 0 0 0 0 0 0 0 0 0 1 0 1 1 0 1 0 0 0 0 0 0 1 0 1 1 0 1 0 0 0 0 0 0 0 0 0 0
 0 0 0 0 0 0 0 1 0 0 0 1 0 0 1 0 1 1 1 0 1 0 0 0 1 0 0 0 0 0 0 0 0 0 0 0 0
 0 0 0 0 0 0 0 0 0 0 0 0 0 0 0 0 0 0 0 0 0 0 0 0 0 0 0 0 0 0 0 0 0 0 0 0 0
 0 0 0 0 0 0 0 0 0 0 0 0 0 0 0 0 0 0 1 0 0 0 0 0 0 0 0 0 0 0 0 0 0 0 0 0 0
 0 0 0 0 0 1 0 0 0 0 0 0 0 0] 
