Trajectory: F110_cut0to10_yijing 
conformation: 1 
Motif number in motif_solo folder:  4 
Motif size: 3 
Motif certificate: 11000000000000800c00000000000000e1 
Number of occurrences: 10 

List of occurrences :
 occ #1: ((Si2,6),(OS8,10),(OW111,195),)

 occ #2: ((Si3,12),(OS12,16),(OW122,228),)

 occ #3: ((Si4,18),(OS16,22),(OW121,225),)

 occ #4: ((Si5,24),(OS20,28),(OW196,450),)

 occ #5: ((Si8,42),(OS32,46),(OW120,222),)

 occ #6: ((Si9,48),(OS36,52),(OW220,522),)

 occ #7: ((Si29,148),(OS94,150),(OW115,207),)

 occ #8: ((Si30,152),(OS96,154),(OW124,234),)

 occ #9: ((Si33,164),(OS102,166),(OW128,246),)

 occ #10: ((Si34,168),(OS104,170),(OW118,216),)

 Number of occurrences of each atom of conformation 1 in the motif: 
10 
[0 0 0 0 0 1 0 0 0 1 1 0 0 0 1 1 0 0 0 1 1 0 0 0 1 0 0 0 0 0 0 0 0 0 0 1 0
 0 0 1 1 0 0 0 1 0 0 0 0 0 0 0 0 0 0 0 0 0 0 0 0 0 0 0 0 0 0 0 0 0 0 0 0 0
 0 0 0 0 0 0 0 0 0 0 0 0 0 0 0 0 0 0 0 0 0 0 0 0 0 0 0 0 0 0 0 0 0 0 0 0 0
 0 0 0 0 0 0 0 0 0 1 0 1 1 0 1 0 0 0 0 0 0 1 0 1 1 0 1 0 0 0 0 0 0 0 0 0 0
 0 0 0 0 0 0 0 1 0 0 0 1 0 0 1 0 1 1 1 0 1 0 0 0 1 0 0 0 0 0 0 0 0 0 0 0 0
 0 0 0 0 0 0 0 0 0 0 0 0 0 0 0 0 0 0 0 0 0 0 0 0 0 0 0 0 0 0 0 0 0 0 0 0 0
 0 0 0 0 0 0 0 0 0 0 0 0 0 0 0 0 0 0 1 0 0 0 0 0 0 0 0 0 0 0 0 0 0 0 0 0 0
 0 0 0 0 0 1 0 0 0 0 0 0 0 0] 
